24261218
24250881
24225957
24282365
24268163
24267121
24304686
24339889
24275919
24303665
24304818
24274863
24293324
24309745
24329146
24358223
24322753
24288929
24307621
24315509
24273666
24339684
24280754
24281472
24304311
24340108
24268227
24302795
24306434
24242476
24280417
24323907
24319954
24299658
24287988
24310927
24307612
24296326
24281086
24311326
24239048
24244270
24237254
24284840
24293396
24322738
24319164
24276805
24269392
24297378
24339517
24256665
24282629
24358197
24300511
24323221
24294573
24286149
24283778
24311110
24290851
24271516
24271003
24325357
24328931
24290723
24300786
24289498
24261504
24360070
24335431
24324172
24318198
24296400
24240376
24282300
24313596
24240127
24247790
24355463
24307523
24346363
24291044
24256461
24304681
24221244
24307442
24266645
24254986
24302893
24268535
24302752
24328852
24244039
24327541
24255930
24215262
24291986
24258860
24319358
24316001
24264037
24280333
24303917
24282103
24246507
24276521
24351742
24278981
24291690
24257564
24276175
24324478
24302258
24337166
24220880
24251454
24371321
24303799
24294665
24273951
24269666
24251649
24305328
24319029
24306837
24310426
24271077
24330976
24293069
24281640
24274738
24249475
24229670
24299228
24238984
24293038
24273601
24288236
24306879
24279024
24327449
24309679
24317977
24271524
24248344
24348862
24291475
24358729
24321144
24322994
24338671
24285375
24226301
24313948
24286268
24272580
24340420
24231204
24389707
24261497
24293932
24285403
24287561
24269874
24357834
24306974
24317855
24239604
24313012
24287444
24250471
24324440
24339373
24322796
24219410
24257108
24303291
24268605
24284834
24289497
24239356
24350067
24291997
24280536
24304112
24314015
24267747
24301901
24274330
24302853
24324154
24316644
24287568
24294354
24297306
24295351
24265024
24314760
24235242
24281847
24269126
24286604
24292179
24312202
24293290
24352894
24316787
24259818
24246801
24306207
24275186
24263320
24295877
24298150
24334046
24320973
24350187
24292683
24301407
24299890
24286141
24293284
24293890
24328397
24288136
24277239
24254803
24302400
24351292
24268580
24346037
24249502
24305890
24244410
24291278
24348896
24281948
24278530
24282393
24317738
24294641
24249016
24286412
24377267
24279162
24278326
24335216
24235135
24281042
24310138
24245852
24333054
24335325
24329465
24303963
24292324
24273331
24294048
24336106
24265242
24322675
24253463
24308944
24304662
24261878
24271828
24317993
24316264
24289810
24280026
24303589
24303016
24329951
24325685
24309519
24282624
24296019
24329250
24308416
24276867
24275509
24266882
24280876
24333183
24293096
24323234
24310633
24311562
24291392
24298628
24306783
24317824
24312972
24283898
24277427
24300094
24245056
24337924
24322304
24222151
24330256
24294899
24315905
24253695
24306942
24333258
24338202
24284483
24335852
24305235
24292219
24258401
24234749
24286780
24294791
24307880
24308946
24337733
24360910
24264031
24296400
24308909
24368475
24337554
24301293
24333170
24302351
24269686
24333351
24326541
24283248
24313541
24316261
24326025
24353268
24291241
24364388
24275673
24337814
24307812
24323718
24352086
24317624
24270789
24315946
24263562
24318204
24253427
24285512
24294009
24302165
24278092
24382186
24236256
24324658
24272478
24280830
24257602
24263582
24332581
24338969
24296572
24292604
24270027
24264254
24284552
24255643
24308494
24287920
24315943
24234830
24285591
24314836
24283397
24326318
24267197
24309837
24250417
24266957
24274666
24352525
24298961
24298450
24336629
24307941
24275597
24344483
24280942
24280444
24242783
24262966
24307133
24291564
24310794
24309218
24284011
24343382
24321902
24351684
24295449
24313335
24329646
24297627
24274672
24301916
24238606
24272814
24272561
24276133
24311319
24345272
24274277
24268200
24269101
24257061
24243530
24292001
24314029
24308228
24267034
24316835
24313438
24350511
24330632
24287422
24273650
24276501
24282468
24212088
24280181
24274092
24300903
24304676
24346051
24344949
24298575
24304806
24314996
24321207
24244541
24295758
24315831
24293376
24323160
24311362
24256194
24256194
24368819
24343568
24281000
24359921
24314432
24280292
24276418
24234254
24280170
24307679
24307796
24328712
24303718
24298265
24246819
24261857
24320028
24297761
24348835
24264061
24257781
24315520
24293613
24330794
24337510
24297077
24235357
24297563
24285995
24313929
24295498
24294822
24264065
24331146
24305321
24235701
24302136
24245300
24263162
24331101
24321220
24238435
24269891
24283464
24280471
24241854
24275106
24319286
24281652
24266415
24241228
24304760
24329935
24311825
24309436
24272785
24249497
24293083
24306157
24269321
24287276
24274629
24301689
24273052
24326239
24323365
24293007
24298149
24272160
24288347
24279415
24340594
24267331
24324013
24306151
24323342
24248324
24253886
24314454
24311426
24267534
24308971
24261190
24279199
24326546
24263784
24284071
24277402
24257178
24313857
24327566
24280452
24318213
24322747
24288997
24264514
24311690
24300593
24282489
24354766
24294541
24287793
24343128
24273255
24313533
24305189
24304751
24315311
24288864
24281663
24288730
24254302
24297970
24352800
24282708
24281112
24325025
24282962
24264826
24235723
24314976
24286436
24290661
24269273
24289129
24285798
24257247
24276466
24276344
24302767
24253800
24360537
24328839
24288356
24257493
24256588
24268510
24317903
24348066
24281979
24304369
24362517
24331484
24305020
24293356
24294066
24365688
24274869
24316795
24328359
24304426
24317361
24272504
24322885
24278068
24280661
24290047
24353216
24290838
24326085
24312347
24319530
24302299
24259923
24295798
24285367
24298842
24277841
24343362
24285026
24332754
24338950
24268548
24302724
24289746
24282543
24237969
24316678
24293300
24228768
24304831
24273067
24283556
24359018
24262748
24331406
24316995
24233648
24387558
24314002
24310070
24311593
24310132
24307204
24274877
24267830
24261332
24280816
24313025
24271655
24308167
24338915
24289862
24246474
24260540
24288086
24312631
24348470
24288179
24276452
24307657
24275863
24251079
24297556
24291327
24295777
24257421
24332034
24331082
24282871
24387755
24296293
24279172
24321233
24280461
24262208
24276457
24337244
24300111
24284014
24279943
24289889
24317642
24286163
24303638
24325457
24286615
24238900
24244738
24260917
24309992
24249172
24306987
24323157
24324071
24353567
24280508
24249207
24385474
24306827
24282924
24345212
24331441
24277778
24291111
24264108
24299762
24288792
24333992
24329363
24332865
24291519
24253513
24292738
24340375
24231696
24331543
24319029
24284920
24281820
24275333
24322581
24388414
24260738
24351337
24311456
24290739
24335793
24324708
24249323
24285761
24362111
24298714
24326214
24333025
24266579
24395681
24313080
24284011
24312014
24264565
24319498
24332523
24231176
24269586
24309492
24303576
24282836
24288516
24309081
24294364
24269666
24259179
24284421
24275276
24297621
24299314
24345295
24320333
24283282
24280533
24248548
24361576
24327416
24362846
24313305
24347528
24250941
24334407
24363261
24249715
24299099
24222880
24290272
24271506
24318025
24343706
24329375
24281167
24343473
24277134
24288325
24343597
24307385
24317953
24250846
24328031
24319103
24251361
24296953
24344564
24277169
24282243
24313242
24299303
24281546
24297184
24328023
24280139
24281979
24330290
24310477
24266442
24251776
24349171
24290059
24334807
24279463
24287340
24256705
24292137
24334767
24303307
24317545
24248027
24318679
24285844
24319864
24345359
24298412
24307467
24293130
24304061
24298572
24288767
24252731
24294555
24318089
24291596
24297604
24307331
24262875
24269592
24258775
24289975
24275531
24327661
24330571
24318905
24309425
24320161
24298918
24332719
24262988
24301751
24273306
24274458
24274858
24259788
24306760
24269199
24276440
24312143
24324205
24240387
24275109
24333508
24320822
24282119
24305278
24242152
24351792
24310687
24311835
24270090
24279182
24238316
24296870
24348244
24262776
24305849
24360874
24251499
24277633
24284022
24240467
24306830
24271584
24253514
24314051
24271380
24299225
24281898
24280039
24272253
24345381
24274549
24305795
24296322
24241649
24270976
24347712
24296191
24253003
24258808
24309604
24344185
24270301
24363598
24301036
24280771
24299274
24276409
24339171
24192934
24307631
24308216
24347803
24273317
24337625
24318830
24242141
24327338
24310692
24257083
24339978
24334422
24274103
24282846
24327590
24291171
24298733
24327383
24358951
24326577
24281482
24330370
24269765
24340871
24319366
24283209
24319453
24240682
24333096
24212015
24279410
24311874
24274539
24289269
24305516
24362983
24295795
24307677
24333252
24296483
24280027
24275287
24260828
24360826
24279563
24326778
24291843
24298949
24287284
24332834
24296747
24321979
24295751
24269032
24312836
24311615
24305277
24272519
24279982
24260257
24263018
24349274
24319926
24275597
24331236
24265211
24331200
24311614
24307455
24277119
24329463
24300279
24338652
24239262
24291659
24265555
24302493
24288225
24256564
24295611
24313131
24272741
24277866
24354336
24302574
24293298
24249017
